3.800000000000000000e+02 0.000000000000000000e+00 3.376720976952755435e-06 0.000000000000000000e+00
3.810000000000000000e+02 0.000000000000000000e+00 3.438115903804961777e-05 0.000000000000000000e+00
3.820000000000000000e+02 0.000000000000000000e+00 0.000000000000000000e+00 0.000000000000000000e+00
3.830000000000000000e+02 0.000000000000000000e+00 0.000000000000000000e+00 0.000000000000000000e+00
3.840000000000000000e+02 0.000000000000000000e+00 0.000000000000000000e+00 0.000000000000000000e+00
3.850000000000000000e+02 0.000000000000000000e+00 0.000000000000000000e+00 0.000000000000000000e+00
3.860000000000000000e+02 0.000000000000000000e+00 4.666014440878162847e-05 0.000000000000000000e+00
3.870000000000000000e+02 0.000000000000000000e+00 4.666014440878162847e-05 0.000000000000000000e+00
3.880000000000000000e+02 0.000000000000000000e+00 1.800917854374057961e-05 0.000000000000000000e+00
3.890000000000000000e+02 0.000000000000000000e+00 0.000000000000000000e+00 0.000000000000000000e+00
3.900000000000000000e+02 0.000000000000000000e+00 0.000000000000000000e+00 0.000000000000000000e+00
3.910000000000000000e+02 0.000000000000000000e+00 4.666014440878162847e-05 0.000000000000000000e+00
3.920000000000000000e+02 0.000000000000000000e+00 4.666014440878162847e-05 0.000000000000000000e+00
3.930000000000000000e+02 0.000000000000000000e+00 4.666014440878162847e-05 0.000000000000000000e+00
3.940000000000000000e+02 0.000000000000000000e+00 4.666014440878162847e-05 0.000000000000000000e+00
3.950000000000000000e+02 0.000000000000000000e+00 6.152986075854595249e-07 0.000000000000000000e+00
3.960000000000000000e+02 0.000000000000000000e+00 0.000000000000000000e+00 0.000000000000000000e+00
3.970000000000000000e+02 0.000000000000000000e+00 1.794620938799472635e-05 0.000000000000000000e+00
3.980000000000000000e+02 0.000000000000000000e+00 4.666014440878162847e-05 0.000000000000000000e+00
3.990000000000000000e+02 0.000000000000000000e+00 4.666014440878162847e-05 0.000000000000000000e+00
4.000000000000000000e+02 0.000000000000000000e+00 4.666014440878162847e-05 0.000000000000000000e+00
4.010000000000000000e+02 0.000000000000000000e+00 4.666014440878162847e-05 0.000000000000000000e+00
4.020000000000000000e+02 0.000000000000000000e+00 4.666014440878162847e-05 0.000000000000000000e+00
4.030000000000000000e+02 0.000000000000000000e+00 4.666014440878162847e-05 0.000000000000000000e+00
4.040000000000000000e+02 0.000000000000000000e+00 4.666014440878162847e-05 0.000000000000000000e+00
4.050000000000000000e+02 0.000000000000000000e+00 4.666014440878162847e-05 0.000000000000000000e+00
4.060000000000000000e+02 0.000000000000000000e+00 4.666014440878162847e-05 0.000000000000000000e+00
4.070000000000000000e+02 0.000000000000000000e+00 4.666014440878162847e-05 0.000000000000000000e+00
4.080000000000000000e+02 0.000000000000000000e+00 1.854045473196562602e-05 0.000000000000000000e+00
4.090000000000000000e+02 0.000000000000000000e+00 0.000000000000000000e+00 0.000000000000000000e+00
4.100000000000000000e+02 0.000000000000000000e+00 4.666014440878162847e-05 0.000000000000000000e+00
4.110000000000000000e+02 0.000000000000000000e+00 4.666014440878162847e-05 0.000000000000000000e+00
4.120000000000000000e+02 0.000000000000000000e+00 4.666014440878162847e-05 0.000000000000000000e+00
4.130000000000000000e+02 0.000000000000000000e+00 4.666014440878162847e-05 0.000000000000000000e+00
4.140000000000000000e+02 0.000000000000000000e+00 4.666014440878162847e-05 0.000000000000000000e+00
4.150000000000000000e+02 0.000000000000000000e+00 4.666014440878162847e-05 0.000000000000000000e+00
4.160000000000000000e+02 0.000000000000000000e+00 4.666014440878162847e-05 0.000000000000000000e+00
4.170000000000000000e+02 0.000000000000000000e+00 4.666014440878162847e-05 3.544528261105857553e-04
4.180000000000000000e+02 0.000000000000000000e+00 6.999021661317242576e-05 3.544528261105857553e-04
4.190000000000000000e+02 0.000000000000000000e+00 6.746107161756480762e-05 3.544528261105857553e-04
4.200000000000000000e+02 0.000000000000000000e+00 6.999021661317242576e-05 3.544528261105857553e-04
4.210000000000000000e+02 0.000000000000000000e+00 6.999021661317242576e-05 5.316792391658786872e-04
4.220000000000000000e+02 0.000000000000000000e+00 6.999021661317242576e-05 5.316792391658786872e-04
4.230000000000000000e+02 9.165276643462752460e-05 6.999021661317242576e-05 7.089056522211715106e-04
4.240000000000000000e+02 9.165276643462752460e-05 6.999021661317242576e-05 7.089056522211715106e-04
4.250000000000000000e+02 1.222036885795034023e-04 6.999021661317242576e-05 9.167831965809197358e-04
4.260000000000000000e+02 1.341259996604306540e-04 9.332028881756325694e-05 1.063358478331757374e-03
4.270000000000000000e+02 1.527546107243792257e-04 9.332028881756325694e-05 1.240584891387050198e-03
4.280000000000000000e+02 1.778863005597433643e-04 9.332028881756325694e-05 1.417811304442343021e-03
4.290000000000000000e+02 2.138564550141309269e-04 9.332028881756325694e-05 1.772264130552928885e-03
4.300000000000000000e+02 2.218498226706609332e-04 9.942438753179356342e-05 1.995860203786764282e-03
4.310000000000000000e+02 2.590718197885480672e-04 1.166503610219540475e-04 2.389012047985353358e-03
4.320000000000000000e+02 2.963642669264562770e-04 1.166503610219540475e-04 2.782572573934653359e-03
4.330000000000000000e+02 3.336839607601424875e-04 1.166503610219540475e-04 3.176291158424296608e-03
4.340000000000000000e+02 3.710239767149921437e-04 1.399804332263448515e-04 3.570127631880511219e-03
4.350000000000000000e+02 4.083639926698406615e-04 1.485347930346216658e-04 4.141190518392011931e-03
4.360000000000000000e+02 4.762950000314706005e-04 1.633105054307356556e-04 4.817084955293511085e-03
4.370000000000000000e+02 5.442691007502475573e-04 1.866405776351265139e-04 5.428496344653528476e-03
4.380000000000000000e+02 6.110184428975169030e-04 2.099706498395172637e-04 6.217102569979652410e-03
4.390000000000000000e+02 6.577633950434661576e-04 2.333007220439080949e-04 7.005771949484191838e-03
4.400000000000000000e+02 7.482594450494423196e-04 2.566307942482988990e-04 7.972425592184421289e-03
4.410000000000000000e+02 8.163015879110820843e-04 2.734138974153779234e-04 9.066571732472343895e-03
4.420000000000000000e+02 9.149592018254430964e-04 3.032909386570805071e-04 1.025183592483906898e-02
4.430000000000000000e+02 1.018955086358783397e-03 3.540650913340472375e-04 1.164472476494553960e-02
4.440000000000000000e+02 1.124655821458242369e-03 3.827589971032868427e-04 1.322552107425123240e-02
4.450000000000000000e+02 1.230492944602992527e-03 4.348350511309455129e-04 1.492103983843649263e-02
4.460000000000000000e+02 1.336211601516860536e-03 4.868658720604482760e-04 1.689729513693543836e-02
4.470000000000000000e+02 1.411616268747611057e-03 5.389871591862606306e-04 1.924963673944318082e-02
4.480000000000000000e+02 1.507224288495637252e-03 5.910632132139180539e-04 2.168254397223344163e-02
4.490000000000000000e+02 1.575486505163095673e-03 6.431913432956050392e-04 2.437812606723075218e-02
4.500000000000000000e+02 1.613252721046196407e-03 6.953614138234877643e-04 2.737137058542554041e-02
4.510000000000000000e+02 1.620429112154050857e-03 7.475017765353123142e-04 3.018558329206181765e-02
4.520000000000000000e+02 1.619198873678420053e-03 7.763642595980174352e-04 3.313103076988695161e-02
4.530000000000000000e+02 1.588647951533543904e-03 8.165525271536783593e-04 3.573059329395926464e-02
4.540000000000000000e+02 1.535064231261547936e-03 8.398825993580690550e-04 3.806284140074768507e-02
4.550000000000000000e+02 1.466649302699978138e-03 8.632126715624599675e-04 3.969514820734423854e-02
4.560000000000000000e+02 1.390957455322529637e-03 8.687051773504897607e-04 4.080379870982679680e-02
4.570000000000000000e+02 1.299167689237029589e-03 8.865427437668506631e-04 4.111652782882795065e-02
4.580000000000000000e+02 1.200048441829775240e-03 8.865427437668506631e-04 4.068419074944642361e-02
4.590000000000000000e+02 1.102162191280386125e-03 8.865427437668506631e-04 3.937128476573636265e-02
4.600000000000000000e+02 1.026099061522056698e-03 8.865427437668506631e-04 3.774325205674183836e-02
4.610000000000000000e+02 9.332791812077354150e-04 8.970805966052384887e-04 3.549665835776449202e-02
4.620000000000000000e+02 8.646254235788021839e-04 9.098728159712416840e-04 3.298322938519835518e-02
4.630000000000000000e+02 7.959716659498664590e-04 9.319446370904516629e-04 3.036306630319657307e-02
4.640000000000000000e+02 7.272492545633036124e-04 9.377640483594117463e-04 2.761665429324311125e-02
4.650000000000000000e+02 6.891159578399363994e-04 9.668843662905295859e-04 2.504879802899066116e-02
4.660000000000000000e+02 6.415693650423928349e-04 9.960630153061139549e-04 2.277857234763479635e-02
4.670000000000000000e+02 5.821189219496614295e-04 1.025262092009174460e-03 2.060616294496945416e-02
4.680000000000000000e+02 5.438614608853561136e-04 1.054477227472331398e-03 1.878759641821285686e-02
4.690000000000000000e+02 5.055351914378433242e-04 1.083744908143154844e-03 1.712749585087737503e-02
4.700000000000000000e+02 4.582638321731376772e-04 1.112997169227077565e-03 1.562672893984829586e-02
4.710000000000000000e+02 4.277129100282618538e-04 1.142280269484801736e-03 1.437569654546480037e-02
4.720000000000000000e+02 3.904725083166761296e-04 1.189833682423931116e-03 1.321436941225594651e-02
4.730000000000000000e+02 3.520597235882423821e-04 1.224275820621835171e-03 1.215261117241678290e-02
4.740000000000000000e+02 3.135779751529360984e-04 1.276992304316180776e-03 1.112845853715369211e-02
4.750000000000000000e+02 2.750965387706021440e-04 1.329708549712699597e-03 1.010431133256422045e-02
4.760000000000000000e+02 2.670964367203267640e-04 1.388481610990435332e-03 9.124559884797127027e-03
4.770000000000000000e+02 2.285789582196945966e-04 1.470639076377230859e-03 8.323225977832072325e-03
4.780000000000000000e+02 2.138564550141309269e-04 1.558047672690515608e-03 7.343268164467499533e-03
4.790000000000000000e+02 1.833055328692550492e-04 1.659760453545407318e-03 6.548957023602025931e-03
4.800000000000000000e+02 1.833055328692550492e-04 1.787686621158216362e-03 5.914780832988222360e-03
4.810000000000000000e+02 1.527546107243792257e-04 1.916716204166176753e-03 5.214314533769666762e-03
4.820000000000000000e+02 1.527546107243792257e-04 2.065584283946575971e-03 4.635214168208039859e-03
4.830000000000000000e+02 1.492215108844962472e-04 2.224450966100281150e-03 4.055711928693917813e-03
4.840000000000000000e+02 1.222036885795034023e-04 2.392392858777534024e-03 3.653280832753417508e-03
4.850000000000000000e+02 1.222036885795034023e-04 2.580942260502104828e-03 3.250896317657433424e-03
4.860000000000000000e+02 9.380521776756239253e-05 2.793033825996567472e-03 3.012849021939979516e-03
4.870000000000000000e+02 9.165276643462752460e-05 3.005337483056519984e-03 2.658396195829393002e-03
4.880000000000000000e+02 9.165276643462752460e-05 3.240860576857322248e-03 2.396391771973164098e-03
4.890000000000000000e+02 9.165276643462752460e-05 3.476604941585218541e-03 2.170217985322542634e-03
4.900000000000000000e+02 9.165276643462752460e-05 3.736531609773846834e-03 2.121065089276781383e-03
4.910000000000000000e+02 0.000000000000000000e+00 3.979185618168486552e-03 1.894182984180946272e-03
4.920000000000000000e+02 0.000000000000000000e+00 4.245061106103509285e-03 1.667465863472278841e-03
4.930000000000000000e+02 0.000000000000000000e+00 4.511119806242622210e-03 1.595037717497635845e-03
4.940000000000000000e+02 0.000000000000000000e+00 4.777444831406891732e-03 1.390296701502257608e-03
4.950000000000000000e+02 0.000000000000000000e+00 5.043769856571177733e-03 1.240584891387050198e-03
4.960000000000000000e+02 0.000000000000000000e+00 5.327246213356037589e-03 1.112318286504560038e-03
4.970000000000000000e+02 0.000000000000000000e+00 5.600285066912124264e-03 1.063358478331757374e-03
4.980000000000000000e+02 0.000000000000000000e+00 5.867219531493248624e-03 8.861320652764644425e-04
4.990000000000000000e+02 0.000000000000000000e+00 6.120612337217974132e-03 8.861320652764644425e-04
5.000000000000000000e+02 0.000000000000000000e+00 6.378025322915707035e-03 7.089056522211715106e-04
5.010000000000000000e+02 0.000000000000000000e+00 6.618212954145804086e-03 7.089056522211715106e-04
5.020000000000000000e+02 0.000000000000000000e+00 6.855402592976452686e-03 6.272026498722842311e-04
5.030000000000000000e+02 0.000000000000000000e+00 7.069601833779263524e-03 5.316792391658786872e-04
5.040000000000000000e+02 0.000000000000000000e+00 7.282522262863011346e-03 5.316792391658786872e-04
5.050000000000000000e+02 0.000000000000000000e+00 7.474901501936917318e-03 5.316792391658786872e-04
5.060000000000000000e+02 0.000000000000000000e+00 7.650976506642698585e-03 3.544528261105857553e-04
5.070000000000000000e+02 0.000000000000000000e+00 7.811873556328152376e-03 3.544528261105857553e-04
5.080000000000000000e+02 0.000000000000000000e+00 7.967139209274618286e-03 3.544528261105857553e-04
5.090000000000000000e+02 0.000000000000000000e+00 8.097900315700092694e-03 3.544528261105857553e-04
5.100000000000000000e+02 0.000000000000000000e+00 8.228742241380940237e-03 3.544528261105857553e-04
5.110000000000000000e+02 0.000000000000000000e+00 8.336361606710871244e-03 0.000000000000000000e+00
5.120000000000000000e+02 0.000000000000000000e+00 8.443980972040800517e-03 0.000000000000000000e+00
5.130000000000000000e+02 0.000000000000000000e+00 8.528353692378282114e-03 0.000000000000000000e+00
5.140000000000000000e+02 0.000000000000000000e+00 8.610794820900678770e-03 0.000000000000000000e+00
5.150000000000000000e+02 0.000000000000000000e+00 8.673991533414004626e-03 0.000000000000000000e+00
5.160000000000000000e+02 0.000000000000000000e+00 8.742026477050374861e-03 0.000000000000000000e+00
5.170000000000000000e+02 0.000000000000000000e+00 8.772701201615405731e-03 0.000000000000000000e+00
5.180000000000000000e+02 0.000000000000000000e+00 8.826705998384833801e-03 0.000000000000000000e+00
5.190000000000000000e+02 0.000000000000000000e+00 8.865427437668507715e-03 0.000000000000000000e+00
5.200000000000000000e+02 0.000000000000000000e+00 8.888216208893677528e-03 0.000000000000000000e+00
5.210000000000000000e+02 0.000000000000000000e+00 8.912087582077288239e-03 0.000000000000000000e+00
5.220000000000000000e+02 0.000000000000000000e+00 8.935417654281678501e-03 0.000000000000000000e+00
5.230000000000000000e+02 0.000000000000000000e+00 8.935417654281678501e-03 0.000000000000000000e+00
5.240000000000000000e+02 0.000000000000000000e+00 8.958747726486070498e-03 0.000000000000000000e+00
5.250000000000000000e+02 0.000000000000000000e+00 8.958747726486070498e-03 0.000000000000000000e+00
5.260000000000000000e+02 0.000000000000000000e+00 8.958747726486070498e-03 0.000000000000000000e+00
5.270000000000000000e+02 0.000000000000000000e+00 8.952820039142762171e-03 0.000000000000000000e+00
5.280000000000000000e+02 0.000000000000000000e+00 8.945097730860657528e-03 0.000000000000000000e+00
5.290000000000000000e+02 0.000000000000000000e+00 8.935417654281678501e-03 0.000000000000000000e+00
5.300000000000000000e+02 0.000000000000000000e+00 8.935417654281678501e-03 0.000000000000000000e+00
5.310000000000000000e+02 0.000000000000000000e+00 8.912087582077288239e-03 0.000000000000000000e+00
5.320000000000000000e+02 0.000000000000000000e+00 8.912087582077288239e-03 0.000000000000000000e+00
5.330000000000000000e+02 0.000000000000000000e+00 8.888757509872897977e-03 0.000000000000000000e+00
5.340000000000000000e+02 0.000000000000000000e+00 8.874518498668342373e-03 0.000000000000000000e+00
5.350000000000000000e+02 0.000000000000000000e+00 8.865427437668507715e-03 0.000000000000000000e+00
5.360000000000000000e+02 0.000000000000000000e+00 8.835142156144969172e-03 0.000000000000000000e+00
5.370000000000000000e+02 0.000000000000000000e+00 8.803706800639519645e-03 0.000000000000000000e+00
5.380000000000000000e+02 0.000000000000000000e+00 8.772271445134077056e-03 0.000000000000000000e+00
5.390000000000000000e+02 0.000000000000000000e+00 8.748777076646552936e-03 0.000000000000000000e+00
5.400000000000000000e+02 0.000000000000000000e+00 8.725447004442162674e-03 0.000000000000000000e+00
5.410000000000000000e+02 0.000000000000000000e+00 8.678786860033380415e-03 0.000000000000000000e+00
5.420000000000000000e+02 0.000000000000000000e+00 8.655456787828990153e-03 0.000000000000000000e+00
5.430000000000000000e+02 0.000000000000000000e+00 8.632126715624599891e-03 0.000000000000000000e+00
5.440000000000000000e+02 0.000000000000000000e+00 8.582605335945465985e-03 0.000000000000000000e+00
5.450000000000000000e+02 0.000000000000000000e+00 8.550856629195623462e-03 0.000000000000000000e+00
5.460000000000000000e+02 7.756900799903470505e-05 8.515476354602646847e-03 0.000000000000000000e+00
5.470000000000000000e+02 9.165276643462752460e-05 8.468816210193862853e-03 0.000000000000000000e+00
5.480000000000000000e+02 9.165276643462752460e-05 8.431996712354705367e-03 0.000000000000000000e+00
5.490000000000000000e+02 9.165276643462752460e-05 8.400094531785660956e-03 0.000000000000000000e+00
5.500000000000000000e+02 1.222036885795034023e-04 8.344757721979047249e-03 0.000000000000000000e+00
5.510000000000000000e+02 1.222036885795034023e-04 8.305505704763127550e-03 0.000000000000000000e+00
5.520000000000000000e+02 1.527546107243792257e-04 8.257349332445748646e-03 0.000000000000000000e+00
5.530000000000000000e+02 1.527546107243792257e-04 8.178603411774875917e-03 0.000000000000000000e+00
5.540000000000000000e+02 1.833055328692550492e-04 8.123086759241176721e-03 0.000000000000000000e+00
5.550000000000000000e+02 2.138564550141309269e-04 8.067594516069306193e-03 0.000000000000000000e+00
5.560000000000000000e+02 2.316050859744863896e-04 8.011991177315507320e-03 0.000000000000000000e+00
5.570000000000000000e+02 2.444073771590068046e-04 7.933059754941719499e-03 0.000000000000000000e+00
5.580000000000000000e+02 2.856766419179570019e-04 7.877379391685415330e-03 0.000000000000000000e+00
5.590000000000000000e+02 3.280935155702071368e-04 7.804411474497531358e-03 0.000000000000000000e+00
5.600000000000000000e+02 3.666110657385100984e-04 7.739556106312118697e-03 0.000000000000000000e+00
5.610000000000000000e+02 3.971619878833859761e-04 7.651259038782585314e-03 0.000000000000000000e+00
5.620000000000000000e+02 4.277129100282618538e-04 7.560901553760159335e-03 0.000000000000000000e+00
5.630000000000000000e+02 4.888147543180136091e-04 7.451076777411916145e-03 0.000000000000000000e+00
5.640000000000000000e+02 5.410517027335946978e-04 7.362512018899798269e-03 0.000000000000000000e+00
5.650000000000000000e+02 6.110184428975169030e-04 7.276402760170406180e-03 0.000000000000000000e+00
5.660000000000000000e+02 6.572854644149992613e-04 7.196990783628538259e-03 0.000000000000000000e+00
5.670000000000000000e+02 7.307251811094103407e-04 7.119485591834144242e-03 0.000000000000000000e+00
5.680000000000000000e+02 8.348131496937160863e-04 7.053833276737198066e-03 0.000000000000000000e+00
5.690000000000000000e+02 9.084298295608848146e-04 6.964729266028864101e-03 0.000000000000000000e+00
5.700000000000000000e+02 1.017035770533032896e-03 6.898939032730296537e-03 0.000000000000000000e+00
5.710000000000000000e+02 1.133991336673896219e-03 6.809626448650755483e-03 0.000000000000000000e+00
5.720000000000000000e+02 1.251108344397786239e-03 6.720190580443457205e-03 0.000000000000000000e+00
5.730000000000000000e+02 1.368207883756962550e-03 6.639919315062247328e-03 0.000000000000000000e+00
5.740000000000000000e+02 1.516154237969432597e-03 6.541119566186996345e-03 0.000000000000000000e+00
5.750000000000000000e+02 1.664135424211898211e-03 6.451444481180210015e-03 0.000000000000000000e+00
5.760000000000000000e+02 1.832462106903335122e-03 6.353707334032684430e-03 0.000000000000000000e+00
5.770000000000000000e+02 1.993818433571401070e-03 6.250420800778298293e-03 0.000000000000000000e+00
5.780000000000000000e+02 2.185948140555329152e-03 6.158346292515335177e-03 0.000000000000000000e+00
5.790000000000000000e+02 2.378288939234321931e-03 6.044872795907007580e-03 0.000000000000000000e+00
5.800000000000000000e+02 2.601288370948738951e-03 5.954674536216554744e-03 0.000000000000000000e+00
5.810000000000000000e+02 2.824693552848675775e-03 5.840939638137332759e-03 0.000000000000000000e+00
5.820000000000000000e+02 3.055913877430362253e-03 5.750549068805011800e-03 0.000000000000000000e+00
5.830000000000000000e+02 3.302331140528303767e-03 5.652933397739028087e-03 0.000000000000000000e+00
5.840000000000000000e+02 3.561236587234963089e-03 5.545940342650613683e-03 0.000000000000000000e+00
5.850000000000000000e+02 3.860198868658430791e-03 5.445513323942514222e-03 0.000000000000000000e+00
5.860000000000000000e+02 4.128867272226598509e-03 5.340871088319879695e-03 0.000000000000000000e+00
5.870000000000000000e+02 4.458937038929087007e-03 5.249838061483137752e-03 0.000000000000000000e+00
5.880000000000000000e+02 4.758737740286362455e-03 5.157321686243846771e-03 0.000000000000000000e+00
5.890000000000000000e+02 5.089243170762736655e-03 5.053396819151560748e-03 0.000000000000000000e+00
5.900000000000000000e+02 5.420305477683989848e-03 4.952755968710450055e-03 0.000000000000000000e+00
5.910000000000000000e+02 5.761181530187162170e-03 4.861274503317863580e-03 0.000000000000000000e+00
5.920000000000000000e+02 6.106873491599855083e-03 4.769678111461220747e-03 0.000000000000000000e+00
5.930000000000000000e+02 6.453033666378784998e-03 4.677938700004847031e-03 0.000000000000000000e+00
5.940000000000000000e+02 6.799654622565702577e-03 4.579376345580868195e-03 0.000000000000000000e+00
5.950000000000000000e+02 7.176895586835594851e-03 4.494157275332952110e-03 0.000000000000000000e+00
5.960000000000000000e+02 7.524450136780770106e-03 4.394022757505191418e-03 0.000000000000000000e+00
5.970000000000000000e+02 7.872004686725943626e-03 4.289614909620194892e-03 0.000000000000000000e+00
5.980000000000000000e+02 8.220169084206762483e-03 4.194144915969998111e-03 0.000000000000000000e+00
5.990000000000000000e+02 8.568661861129821949e-03 4.103892850047802590e-03 0.000000000000000000e+00
6.000000000000000000e+02 8.930596923106092280e-03 4.009058178804271975e-03 0.000000000000000000e+00
6.010000000000000000e+02 9.265137120324376876e-03 3.917885185189597455e-03 0.000000000000000000e+00
6.020000000000000000e+02 9.569295446790120757e-03 3.836487833670671095e-03 0.000000000000000000e+00
6.030000000000000000e+02 9.902852281345421101e-03 3.731703374272820478e-03 0.000000000000000000e+00
6.040000000000000000e+02 1.017879015292231029e-02 3.637454973293561666e-03 0.000000000000000000e+00
6.050000000000000000e+02 1.045231061612102337e-02 3.544187918930023946e-03 0.000000000000000000e+00
6.060000000000000000e+02 1.071199345435245448e-02 3.450867630112466802e-03 0.000000000000000000e+00
6.070000000000000000e+02 1.094013973949839978e-02 3.357308485793762676e-03 0.000000000000000000e+00
6.080000000000000000e+02 1.114074980471036445e-02 3.276618010500381185e-03 0.000000000000000000e+00
6.090000000000000000e+02 1.136878109343964806e-02 3.193288978408027629e-03 0.000000000000000000e+00
6.100000000000000000e+02 1.155285423741807954e-02 3.112806091130061910e-03 0.000000000000000000e+00
6.110000000000000000e+02 1.173709482502886814e-02 3.030793813272677443e-03 0.000000000000000000e+00
6.120000000000000000e+02 1.189100375271087175e-02 2.957806534487149308e-03 0.000000000000000000e+00
6.130000000000000000e+02 1.204506658932054906e-02 2.889873125247159266e-03 0.000000000000000000e+00
6.140000000000000000e+02 1.217924855112403199e-02 2.815751189233970525e-03 0.000000000000000000e+00
6.150000000000000000e+02 1.231757633750221563e-02 2.748706688808225801e-03 0.000000000000000000e+00
6.160000000000000000e+02 1.239485716265626043e-02 2.689691539533554682e-03 0.000000000000000000e+00
6.170000000000000000e+02 1.247227861345884432e-02 2.624839845152741099e-03 0.000000000000000000e+00
6.180000000000000000e+02 1.252587807939909738e-02 2.548070221064328671e-03 0.000000000000000000e+00
6.190000000000000000e+02 1.258697992368884924e-02 2.488837855392074701e-03 0.000000000000000000e+00
6.200000000000000000e+02 1.261333300920313392e-02 2.429533168032817908e-03 0.000000000000000000e+00
6.210000000000000000e+02 1.258697992368884924e-02 2.370144886397091387e-03 0.000000000000000000e+00
6.220000000000000000e+02 1.258697992368884924e-02 2.310686337108674038e-03 0.000000000000000000e+00
6.230000000000000000e+02 1.255642900154397244e-02 2.227783833558051683e-03 0.000000000000000000e+00
6.240000000000000000e+02 1.249337377348536809e-02 2.168205022412157939e-03 0.000000000000000000e+00
6.250000000000000000e+02 1.243422531296447045e-02 2.108500140995289793e-03 0.000000000000000000e+00
6.260000000000000000e+02 1.236748329843258623e-02 2.048739263733272576e-03 0.000000000000000000e+00
6.270000000000000000e+02 1.228908879850757613e-02 1.988873661804646184e-03 0.000000000000000000e+00
6.280000000000000000e+02 1.220089166336954176e-02 1.944852394457542754e-03 0.000000000000000000e+00
6.290000000000000000e+02 1.207099134144762852e-02 1.889735848555655672e-03 0.000000000000000000e+00
6.300000000000000000e+02 1.196178837257979265e-02 1.832252474773703784e-03 0.000000000000000000e+00
6.310000000000000000e+02 1.185108064954964319e-02 1.772063293648454014e-03 0.000000000000000000e+00
6.320000000000000000e+02 1.172389663735828522e-02 1.735166584648529034e-03 0.000000000000000000e+00
6.330000000000000000e+02 1.156597760330309831e-02 1.674869509989308650e-03 0.000000000000000000e+00
6.340000000000000000e+02 1.143839188698822680e-02 1.633105054307356719e-03 0.000000000000000000e+00
6.350000000000000000e+02 1.127993865866170481e-02 1.577318379062144600e-03 0.000000000000000000e+00
6.360000000000000000e+02 1.109077826903525320e-02 1.539784765489793502e-03 0.000000000000000000e+00
6.370000000000000000e+02 1.093197918812189966e-02 1.479454656898750728e-03 0.000000000000000000e+00
6.380000000000000000e+02 1.076729062343468116e-02 1.442090088133906895e-03 0.000000000000000000e+00
6.390000000000000000e+02 1.058318949363456704e-02 1.404604008576329369e-03 0.000000000000000000e+00
6.400000000000000000e+02 1.042368747311696146e-02 1.367032585929343251e-03 0.000000000000000000e+00
6.410000000000000000e+02 1.023343925122967811e-02 1.329386601238157243e-03 0.000000000000000000e+00
6.420000000000000000e+02 1.004293585712208968e-02 1.291643185996494553e-03 0.000000000000000000e+00
6.430000000000000000e+02 9.852231367911976415e-03 1.253822988076396666e-03 0.000000000000000000e+00
6.440000000000000000e+02 9.661308151043331016e-03 1.213163754628322029e-03 0.000000000000000000e+00
6.450000000000000000e+02 9.470142687603206114e-03 1.166503610219540637e-03 0.000000000000000000e+00
6.460000000000000000e+02 9.274455991548921988e-03 1.119843465810758812e-03 0.000000000000000000e+00
6.470000000000000000e+02 9.063386496784319943e-03 1.096513393606367900e-03 0.000000000000000000e+00
6.480000000000000000e+02 8.864778419826118555e-03 1.049853249197586292e-03 0.000000000000000000e+00
6.490000000000000000e+02 8.672744052058322523e-03 1.026523176993195596e-03 0.000000000000000000e+00
6.500000000000000000e+02 8.480386394109109410e-03 1.003193104788804900e-03 0.000000000000000000e+00
6.510000000000000000e+02 8.276787756469604698e-03 9.714468792162525871e-04 0.000000000000000000e+00
6.520000000000000000e+02 8.064468416817070426e-03 9.332028881756323797e-04 0.000000000000000000e+00
6.530000000000000000e+02 7.881325388852829933e-03 9.098728159712416840e-04 0.000000000000000000e+00
6.540000000000000000e+02 7.678031752665391042e-03 8.865427437668506631e-04 0.000000000000000000e+00
6.550000000000000000e+02 7.484487110740256979e-03 8.630260309848221574e-04 0.000000000000000000e+00
6.560000000000000000e+02 7.300526775218832594e-03 8.398825993580690550e-04 0.000000000000000000e+00
6.570000000000000000e+02 7.127187051177582243e-03 8.082560041505108079e-04 0.000000000000000000e+00
6.580000000000000000e+02 6.932924047382062714e-03 7.698923827448967512e-04 0.000000000000000000e+00
6.590000000000000000e+02 6.768836030055559033e-03 7.530846963180789361e-04 0.000000000000000000e+00
6.600000000000000000e+02 6.574032838314571893e-03 7.370295928655926044e-04 0.000000000000000000e+00
6.610000000000000000e+02 6.378884318351796777e-03 6.999021661317243390e-04 0.000000000000000000e+00
6.620000000000000000e+02 6.214189320266219965e-03 6.812884158015381116e-04 0.000000000000000000e+00
6.630000000000000000e+02 6.018531662540542101e-03 6.649070578251381871e-04 0.000000000000000000e+00
6.640000000000000000e+02 5.853192390119625090e-03 6.484369120006280764e-04 0.000000000000000000e+00
6.650000000000000000e+02 5.687604736217853792e-03 6.299119495185519267e-04 0.000000000000000000e+00
6.660000000000000000e+02 5.521747102445602809e-03 6.065818773141610143e-04 0.000000000000000000e+00
6.670000000000000000e+02 5.324992522327789274e-03 5.832518051097703186e-04 0.000000000000000000e+00
6.680000000000000000e+02 5.160852085932343333e-03 5.599217329053794061e-04 0.000000000000000000e+00
6.690000000000000000e+02 5.022371266701885703e-03 5.411811831018527525e-04 0.000000000000000000e+00
6.700000000000000000e+02 4.871786940064296717e-03 5.365916607009886020e-04 0.000000000000000000e+00
6.710000000000000000e+02 4.718652701143491619e-03 5.132615884965977980e-04 0.000000000000000000e+00
6.720000000000000000e+02 4.581633907852645377e-03 4.899315162922069939e-04 0.000000000000000000e+00
6.730000000000000000e+02 4.437121670523414170e-03 4.721286788249444877e-04 0.000000000000000000e+00
6.740000000000000000e+02 4.276203314763080306e-03 4.666014440878161898e-04 0.000000000000000000e+00
6.750000000000000000e+02 4.146654720072737166e-03 4.432713718834253316e-04 0.000000000000000000e+00
6.760000000000000000e+02 4.030696247622303149e-03 4.424979993241673912e-04 0.000000000000000000e+00
6.770000000000000000e+02 3.892322887006297548e-03 4.199412996790345275e-04 0.000000000000000000e+00
6.780000000000000000e+02 3.770917293076548205e-03 4.199412996790345275e-04 0.000000000000000000e+00
6.790000000000000000e+02 3.655558249736174173e-03 3.966112274746437776e-04 0.000000000000000000e+00
6.800000000000000000e+02 3.536099510924121600e-03 3.966112274746437776e-04 0.000000000000000000e+00
6.810000000000000000e+02 3.396428561905674281e-03 3.732811552702530278e-04 0.000000000000000000e+00
6.820000000000000000e+02 3.287040277028850568e-03 3.499510830658621695e-04 0.000000000000000000e+00
6.830000000000000000e+02 3.161977653588285333e-03 3.382533717925129569e-04 0.000000000000000000e+00
6.840000000000000000e+02 3.045849918712668220e-03 3.266210108614713112e-04 0.000000000000000000e+00
6.850000000000000000e+02 2.956745706684138497e-03 3.032909386570805071e-04 0.000000000000000000e+00
6.860000000000000000e+02 2.843638640990467630e-03 3.032909386570805071e-04 0.000000000000000000e+00
6.870000000000000000e+02 2.757522780714895608e-03 3.032909386570805071e-04 0.000000000000000000e+00
6.880000000000000000e+02 2.654132936846079031e-03 2.901760110619570768e-04 0.000000000000000000e+00
6.890000000000000000e+02 2.554334040180922076e-03 2.799608664526897031e-04 0.000000000000000000e+00
6.900000000000000000e+02 2.467768094730841619e-03 2.566307942482988990e-04 0.000000000000000000e+00
6.910000000000000000e+02 2.379142182074169432e-03 2.566307942482988990e-04 0.000000000000000000e+00
6.920000000000000000e+02 2.294104430121065002e-03 2.566307942482988990e-04 0.000000000000000000e+00
6.930000000000000000e+02 2.207064765890649413e-03 2.566307942482988990e-04 0.000000000000000000e+00
6.940000000000000000e+02 2.119797555109455452e-03 2.333007220439080949e-04 0.000000000000000000e+00
6.950000000000000000e+02 2.062885551571000658e-03 2.333007220439080949e-04 0.000000000000000000e+00
6.960000000000000000e+02 1.975275138677316019e-03 2.333007220439080949e-04 0.000000000000000000e+00
6.970000000000000000e+02 1.894157172982302573e-03 2.099706498395172637e-04 0.000000000000000000e+00
6.980000000000000000e+02 1.830061866580373229e-03 2.099706498395172637e-04 0.000000000000000000e+00
6.990000000000000000e+02 1.741932347034999551e-03 2.099706498395172637e-04 0.000000000000000000e+00
7.000000000000000000e+02 1.684108514061590737e-03 1.866405776351265139e-04 0.000000000000000000e+00
7.010000000000000000e+02 1.595643669937730396e-03 1.633105054307356556e-04 0.000000000000000000e+00
7.020000000000000000e+02 1.537492919104913383e-03 1.633105054307356556e-04 0.000000000000000000e+00
7.030000000000000000e+02 1.496995185098916326e-03 1.633105054307356556e-04 0.000000000000000000e+00
7.040000000000000000e+02 1.451124267009672435e-03 1.750095503845401667e-04 0.000000000000000000e+00
7.050000000000000000e+02 1.405342418664288964e-03 1.767491727531487252e-04 0.000000000000000000e+00
7.060000000000000000e+02 1.344240574374537317e-03 1.633105054307356556e-04 0.000000000000000000e+00
7.070000000000000000e+02 1.283138730084785670e-03 1.565859552071185003e-04 0.000000000000000000e+00
7.080000000000000000e+02 1.222036885795033806e-03 1.399804332263448515e-04 0.000000000000000000e+00
7.090000000000000000e+02 1.186078720792662017e-03 1.399804332263448515e-04 0.000000000000000000e+00
7.100000000000000000e+02 1.130384119360406227e-03 1.368743585245793461e-04 0.000000000000000000e+00
7.110000000000000000e+02 1.099833197215530295e-03 1.187964507499509470e-04 0.000000000000000000e+00
7.120000000000000000e+02 1.038731352925778865e-03 1.166503610219540475e-04 0.000000000000000000e+00
7.130000000000000000e+02 1.008180430780902933e-03 1.166503610219540475e-04 0.000000000000000000e+00
7.140000000000000000e+02 9.770823279408973050e-04 1.166503610219540475e-04 0.000000000000000000e+00
7.150000000000000000e+02 9.165276643462753545e-04 9.332028881756325694e-05 0.000000000000000000e+00
7.160000000000000000e+02 8.859767422013994226e-04 9.332028881756325694e-05 0.000000000000000000e+00
7.170000000000000000e+02 8.552423310346367498e-04 9.332028881756325694e-05 0.000000000000000000e+00
7.180000000000000000e+02 8.244134036194296225e-04 9.332028881756325694e-05 0.000000000000000000e+00
7.190000000000000000e+02 7.943239757667719522e-04 9.332028881756325694e-05 0.000000000000000000e+00
7.200000000000000000e+02 7.637730536218962371e-04 9.332028881756325694e-05 0.000000000000000000e+00
7.210000000000000000e+02 7.332221314770201968e-04 9.332028881756325694e-05 0.000000000000000000e+00
7.220000000000000000e+02 7.026712093321444818e-04 9.332028881756325694e-05 0.000000000000000000e+00
7.230000000000000000e+02 6.721202871872686583e-04 9.332028881756325694e-05 0.000000000000000000e+00
7.240000000000000000e+02 6.415693650423928349e-04 9.332028881756325694e-05 0.000000000000000000e+00
7.250000000000000000e+02 6.020218523272469766e-04 6.999021661317242576e-05 0.000000000000000000e+00
7.260000000000000000e+02 5.804675207526409711e-04 6.999021661317242576e-05 0.000000000000000000e+00
7.270000000000000000e+02 5.499165986077651476e-04 6.999021661317242576e-05 0.000000000000000000e+00
7.280000000000000000e+02 5.193656764628894326e-04 6.999021661317242576e-05 0.000000000000000000e+00
7.290000000000000000e+02 5.193656764628894326e-04 6.999021661317242576e-05 0.000000000000000000e+00
7.300000000000000000e+02 4.888147543180136091e-04 6.999021661317242576e-05 0.000000000000000000e+00
7.310000000000000000e+02 4.888147543180136091e-04 6.999021661317242576e-05 0.000000000000000000e+00
7.320000000000000000e+02 4.582638321731376772e-04 6.999021661317242576e-05 0.000000000000000000e+00
7.330000000000000000e+02 4.277129100282618538e-04 6.999021661317242576e-05 0.000000000000000000e+00
7.340000000000000000e+02 4.277129100282618538e-04 6.999021661317242576e-05 0.000000000000000000e+00
7.350000000000000000e+02 3.971619878833859761e-04 6.999021661317242576e-05 0.000000000000000000e+00
7.360000000000000000e+02 3.971619878833859761e-04 6.999021661317242576e-05 0.000000000000000000e+00
7.370000000000000000e+02 3.764724393422325534e-04 6.999021661317242576e-05 0.000000000000000000e+00
7.380000000000000000e+02 3.666110657385100984e-04 6.999021661317242576e-05 0.000000000000000000e+00
7.390000000000000000e+02 3.360601435936343292e-04 6.939392083797744795e-05 0.000000000000000000e+00
7.400000000000000000e+02 3.360601435936343292e-04 4.666014440878162847e-05 0.000000000000000000e+00
7.410000000000000000e+02 3.055092214487584515e-04 4.666014440878162847e-05 0.000000000000000000e+00
7.420000000000000000e+02 3.055092214487584515e-04 5.548369735788169694e-05 0.000000000000000000e+00
7.430000000000000000e+02 3.055092214487584515e-04 5.042305928045480055e-05 0.000000000000000000e+00
7.440000000000000000e+02 2.749582993038825738e-04 4.666014440878162847e-05 0.000000000000000000e+00
7.450000000000000000e+02 2.657335078770243835e-04 4.666014440878162847e-05 0.000000000000000000e+00
7.460000000000000000e+02 2.444073771590068046e-04 0.000000000000000000e+00 0.000000000000000000e+00
7.470000000000000000e+02 2.444073771590068046e-04 4.666014440878162847e-05 0.000000000000000000e+00
7.480000000000000000e+02 2.138564550141309269e-04 4.666014440878162847e-05 0.000000000000000000e+00
7.490000000000000000e+02 2.033043272996151350e-04 3.054397610969166653e-05 0.000000000000000000e+00
7.500000000000000000e+02 1.833055328692550492e-04 0.000000000000000000e+00 0.000000000000000000e+00
7.510000000000000000e+02 1.811811309982573116e-04 0.000000000000000000e+00 0.000000000000000000e+00
7.520000000000000000e+02 1.833055328692550492e-04 0.000000000000000000e+00 0.000000000000000000e+00
7.530000000000000000e+02 2.138564550141309269e-04 4.666014440878162847e-05 0.000000000000000000e+00
7.540000000000000000e+02 2.138564550141309269e-04 4.666014440878162847e-05 0.000000000000000000e+00
7.550000000000000000e+02 2.138564550141309269e-04 4.666014440878162847e-05 0.000000000000000000e+00
7.560000000000000000e+02 1.833055328692550492e-04 4.666014440878162847e-05 0.000000000000000000e+00
7.570000000000000000e+02 1.833055328692550492e-04 4.666014440878162847e-05 0.000000000000000000e+00
7.580000000000000000e+02 1.738099759863877660e-04 4.666014440878162847e-05 0.000000000000000000e+00
7.590000000000000000e+02 1.620752310397660634e-04 4.666014440878162847e-05 0.000000000000000000e+00
7.600000000000000000e+02 1.527546107243792257e-04 4.666014440878162847e-05 0.000000000000000000e+00
7.610000000000000000e+02 1.527546107243792257e-04 5.828536810106834580e-05 0.000000000000000000e+00
7.620000000000000000e+02 1.527546107243792257e-04 4.666014440878162847e-05 0.000000000000000000e+00
7.630000000000000000e+02 1.222036885795034023e-04 1.667579044163005616e-05 0.000000000000000000e+00
7.640000000000000000e+02 1.222036885795034023e-04 0.000000000000000000e+00 0.000000000000000000e+00
7.650000000000000000e+02 1.222036885795034023e-04 0.000000000000000000e+00 0.000000000000000000e+00
7.660000000000000000e+02 1.222036885795034023e-04 0.000000000000000000e+00 0.000000000000000000e+00
7.670000000000000000e+02 1.222036885795034023e-04 0.000000000000000000e+00 0.000000000000000000e+00
7.680000000000000000e+02 9.165276643462752460e-05 0.000000000000000000e+00 0.000000000000000000e+00
7.690000000000000000e+02 9.165276643462752460e-05 0.000000000000000000e+00 0.000000000000000000e+00
7.700000000000000000e+02 9.165276643462752460e-05 0.000000000000000000e+00 0.000000000000000000e+00
7.710000000000000000e+02 6.565198163046816670e-05 0.000000000000000000e+00 0.000000000000000000e+00
7.720000000000000000e+02 0.000000000000000000e+00 0.000000000000000000e+00 0.000000000000000000e+00
7.730000000000000000e+02 0.000000000000000000e+00 0.000000000000000000e+00 0.000000000000000000e+00
7.740000000000000000e+02 0.000000000000000000e+00 0.000000000000000000e+00 0.000000000000000000e+00
7.750000000000000000e+02 0.000000000000000000e+00 0.000000000000000000e+00 0.000000000000000000e+00
7.760000000000000000e+02 9.165276643462752460e-05 0.000000000000000000e+00 0.000000000000000000e+00
7.770000000000000000e+02 0.000000000000000000e+00 0.000000000000000000e+00 0.000000000000000000e+00
7.780000000000000000e+02 0.000000000000000000e+00 0.000000000000000000e+00 0.000000000000000000e+00
7.790000000000000000e+02 0.000000000000000000e+00 0.000000000000000000e+00 0.000000000000000000e+00
7.800000000000000000e+02 2.089143940789332828e-05 0.000000000000000000e+00 0.000000000000000000e+00
