3.800000000000000000e+02 0.000000000000000000e+00 0.000000000000000000e+00 0.000000000000000000e+00
3.810000000000000000e+02 0.000000000000000000e+00 0.000000000000000000e+00 0.000000000000000000e+00
3.820000000000000000e+02 0.000000000000000000e+00 0.000000000000000000e+00 0.000000000000000000e+00
3.830000000000000000e+02 0.000000000000000000e+00 0.000000000000000000e+00 0.000000000000000000e+00
3.840000000000000000e+02 0.000000000000000000e+00 0.000000000000000000e+00 4.062967163866789289e-04
3.850000000000000000e+02 0.000000000000000000e+00 0.000000000000000000e+00 1.330784197243193570e-03
3.860000000000000000e+02 0.000000000000000000e+00 0.000000000000000000e+00 2.255271678099708427e-03
3.870000000000000000e+02 0.000000000000000000e+00 0.000000000000000000e+00 3.179759158956223068e-03
3.880000000000000000e+02 0.000000000000000000e+00 0.000000000000000000e+00 4.104246639812737275e-03
3.890000000000000000e+02 0.000000000000000000e+00 0.000000000000000000e+00 5.028734120669252350e-03
3.900000000000000000e+02 0.000000000000000000e+00 0.000000000000000000e+00 5.953221601525766557e-03
3.910000000000000000e+02 0.000000000000000000e+00 0.000000000000000000e+00 6.877709082382281632e-03
3.920000000000000000e+02 6.115697139072311410e-04 0.000000000000000000e+00 7.802196563238795839e-03
3.930000000000000000e+02 1.615341744341954131e-03 0.000000000000000000e+00 8.726684044095310913e-03
3.940000000000000000e+02 2.619113774776677447e-03 0.000000000000000000e+00 9.651171524951825120e-03
3.950000000000000000e+02 3.622885805211400329e-03 0.000000000000000000e+00 1.057565900580833933e-02
3.960000000000000000e+02 4.626657835646123644e-03 0.000000000000000000e+00 1.150014648666485527e-02
3.970000000000000000e+02 5.630429866080846960e-03 0.000000000000000000e+00 1.357164524701496081e-02
3.980000000000000000e+02 6.634201896515569408e-03 0.000000000000000000e+00 1.785594571845147693e-02
3.990000000000000000e+02 7.637973926950292723e-03 0.000000000000000000e+00 2.214024618988798959e-02
4.000000000000000000e+02 8.641745957385016039e-03 0.000000000000000000e+00 2.642454666132450225e-02
4.010000000000000000e+02 9.645517987819738487e-03 0.000000000000000000e+00 3.070884713276101838e-02
4.020000000000000000e+02 1.084511499239514988e-02 0.000000000000000000e+00 4.143242856997046697e-02
4.030000000000000000e+02 1.317813139363119279e-02 0.000000000000000000e+00 5.352373472637660806e-02
4.040000000000000000e+02 1.551114779486723744e-02 0.000000000000000000e+00 6.938917414397935413e-02
4.050000000000000000e+02 1.784416419610328208e-02 0.000000000000000000e+00 1.072350510671610385e-01
4.060000000000000000e+02 2.017718059733932673e-02 5.875238160254148351e-04 1.306989493776693767e-01
4.070000000000000000e+02 2.343063197329610034e-02 3.866493262653086273e-03 1.953265518614172580e-01
4.080000000000000000e+02 2.803684384240313562e-02 7.145462709280758253e-03 2.685231669099572005e-01
4.090000000000000000e+02 3.269504245934128084e-02 1.042443215590842936e-02 2.165468711948100589e-01
4.100000000000000000e+02 3.744083650630009030e-02 1.370340160253610134e-02 2.422638904484353262e-01
4.110000000000000000e+02 4.256627502220234477e-02 1.685292852913858330e-02 2.710044832241013668e-01
4.120000000000000000e+02 4.842872649197479951e-02 1.994118421410811040e-02 3.049965484417574979e-01
4.130000000000000000e+02 5.506381661103326025e-02 2.302943989907763750e-02 3.525768147157599675e-01
4.140000000000000000e+02 6.343874728213709513e-02 2.611769558404716807e-02 3.579667323377192512e-01
4.150000000000000000e+02 7.141480286774953834e-02 3.035690445752543126e-02 3.661710947346281664e-01
4.160000000000000000e+02 7.918331410838791440e-02 3.532028248760596401e-02 3.786867469421891785e-01
4.170000000000000000e+02 8.667305938636687968e-02 3.979178236923765904e-02 3.912023991497502462e-01
4.180000000000000000e+02 9.368706382341650263e-02 4.138177539516252335e-02 4.005479514860567081e-01
4.190000000000000000e+02 9.608594287866058237e-02 4.297176842108738765e-02 4.096718402428904948e-01
4.200000000000000000e+02 9.790051119073299446e-02 4.456176144701225195e-02 4.187957289997243371e-01
4.210000000000000000e+02 9.971507950280540655e-02 4.615175447293711625e-02 4.227807928455009634e-01
4.220000000000000000e+02 1.015296478148778186e-01 4.774174749886198055e-02 4.258954694427066756e-01
4.230000000000000000e+02 9.842724995017206047e-02 4.920237104825283397e-02 4.290101460399123878e-01
4.240000000000000000e+02 9.426516319241144692e-02 5.033149116551774438e-02 4.321248226371181556e-01
4.250000000000000000e+02 9.010307643465084726e-02 5.146061128278264785e-02 4.352394992343238678e-01
4.260000000000000000e+02 8.403791462244673827e-02 5.258973140004755131e-02 4.383541758315295800e-01
4.270000000000000000e+02 7.684943246308245657e-02 5.371885151731246172e-02 4.418348964234796172e-01
4.280000000000000000e+02 7.108262813511229128e-02 5.484797163457736519e-02 4.454326270576079438e-01
4.290000000000000000e+02 6.588600164131241943e-02 5.597709175184226865e-02 4.490303576917362149e-01
4.300000000000000000e+02 6.115606920547313197e-02 5.710621186910717906e-02 4.526280883258645416e-01
4.310000000000000000e+02 5.642613676963385144e-02 5.832755078083429884e-02 4.562258189599928127e-01
4.320000000000000000e+02 5.169620433379457092e-02 5.958977247483634304e-02 4.598235495941210838e-01
4.330000000000000000e+02 4.696627189795528345e-02 6.085199416883838724e-02 4.639440592366504967e-01
4.340000000000000000e+02 4.395954228948022180e-02 6.211421586284043145e-02 4.683334202223093379e-01
4.350000000000000000e+02 4.098280062703357762e-02 6.337643755684248259e-02 4.727227812079681235e-01
4.360000000000000000e+02 3.800605896458693345e-02 6.463865925084452679e-02 4.771121421936269091e-01
4.370000000000000000e+02 3.505970744434504238e-02 6.590088094484657100e-02 4.815015031792857503e-01
4.380000000000000000e+02 3.243090976147078308e-02 6.716310263884861520e-02 4.872376259161013135e-01
4.390000000000000000e+02 2.980211207859652725e-02 6.912253010490355953e-02 4.930940952925375043e-01
4.400000000000000000e+02 2.717331439572226795e-02 7.126860608937389541e-02 4.989505646689737506e-01
4.410000000000000000e+02 2.454451671284801212e-02 7.341468207384421740e-02 5.031315493542231065e-01
4.420000000000000000e+02 2.228879549143313044e-02 7.556075805831455328e-02 5.058299007413670223e-01
4.430000000000000000e+02 2.038540215709140971e-02 7.770683404278487527e-02 5.085282521285108270e-01
4.440000000000000000e+02 1.848200882274969245e-02 7.981903447080672398e-02 5.112266035156547428e-01
4.450000000000000000e+02 1.657861548840797172e-02 8.172837590931829321e-02 5.139249549027986586e-01
4.460000000000000000e+02 1.467522215406625273e-02 8.363771734782986245e-02 5.166233062899424633e-01
4.470000000000000000e+02 1.277182881972453374e-02 8.554705878634143168e-02 5.193216576770863790e-01
4.480000000000000000e+02 1.081993756098227968e-02 8.745640022485300091e-02 5.220200090642301838e-01
4.490000000000000000e+02 8.757011182589608672e-03 8.936574166336457015e-02 5.238789253008848679e-01
4.500000000000000000e+02 6.694084804196938528e-03 9.119324556306300511e-02 5.256867923608591342e-01
4.510000000000000000e+02 4.631158425804267516e-03 9.265095755251455401e-02 5.274946594208332895e-01
4.520000000000000000e+02 2.568232047411595637e-03 9.410866954196608902e-02 5.293025264808074448e-01
4.530000000000000000e+02 5.053056690189246247e-04 9.556638153141763792e-02 5.311103935407817112e-01
4.540000000000000000e+02 0.000000000000000000e+00 9.702409352086917294e-02 5.329182606007558665e-01
4.550000000000000000e+02 0.000000000000000000e+00 9.848180551032072183e-02 5.347261276607300218e-01
4.560000000000000000e+02 0.000000000000000000e+00 9.993951749977225685e-02 5.365339947207041771e-01
4.570000000000000000e+02 0.000000000000000000e+00 1.013972294892237919e-01 5.383418617806784434e-01
4.580000000000000000e+02 0.000000000000000000e+00 1.066010417927469034e-01 5.401497288406525987e-01
4.590000000000000000e+02 0.000000000000000000e+00 1.118054629955041734e-01 5.422047730578228864e-01
4.600000000000000000e+02 0.000000000000000000e+00 1.170098841982614435e-01 5.445967909275832852e-01
4.610000000000000000e+02 0.000000000000000000e+00 1.198062193549265658e-01 5.469888087973437951e-01
4.620000000000000000e+02 0.000000000000000000e+00 1.160342950180899557e-01 5.493808266671043050e-01
4.630000000000000000e+02 0.000000000000000000e+00 1.238768193822447072e-01 5.517728445368647039e-01
4.640000000000000000e+02 0.000000000000000000e+00 1.317193437463994587e-01 5.541648624066252138e-01
4.650000000000000000e+02 0.000000000000000000e+00 1.379334486675393712e-01 5.565568802763856127e-01
4.660000000000000000e+02 0.000000000000000000e+00 1.437863831706404083e-01 5.589488981461461226e-01
4.670000000000000000e+02 0.000000000000000000e+00 1.496393176737414454e-01 5.613409160159065214e-01
4.680000000000000000e+02 0.000000000000000000e+00 1.560720822647781447e-01 5.622530563422883931e-01
4.690000000000000000e+02 0.000000000000000000e+00 1.626173306300291721e-01 5.612117415722922553e-01
4.700000000000000000e+02 0.000000000000000000e+00 1.714106849954625811e-01 5.601704268022961175e-01
4.710000000000000000e+02 0.000000000000000000e+00 1.825158384180492477e-01 5.591291120322999797e-01
4.720000000000000000e+02 0.000000000000000000e+00 1.895739214375779247e-01 5.580877972623038419e-01
4.730000000000000000e+02 0.000000000000000000e+00 1.963174884015295718e-01 5.570464824923077041e-01
4.740000000000000000e+02 0.000000000000000000e+00 2.018390996695713369e-01 5.560051677223115663e-01
4.750000000000000000e+02 0.000000000000000000e+00 2.073607109376130742e-01 5.549638529523154284e-01
4.760000000000000000e+02 0.000000000000000000e+00 2.143303800019295269e-01 5.539225381823192906e-01
4.770000000000000000e+02 0.000000000000000000e+00 2.218982104994872695e-01 5.528812234123231528e-01
4.780000000000000000e+02 0.000000000000000000e+00 2.278851148851470110e-01 5.518399086423270150e-01
4.790000000000000000e+02 0.000000000000000000e+00 2.328504416611953398e-01 5.479713925438970401e-01
4.800000000000000000e+02 0.000000000000000000e+00 2.378157684372436964e-01 5.421481985616452004e-01
4.810000000000000000e+02 0.000000000000000000e+00 2.430832342425831849e-01 5.363250045793934717e-01
4.820000000000000000e+02 0.000000000000000000e+00 2.485250863180326897e-01 5.305018105971416320e-01
4.830000000000000000e+02 0.000000000000000000e+00 2.539669383934821667e-01 5.225123819500523403e-01
4.840000000000000000e+02 0.000000000000000000e+00 2.566763345663501950e-01 5.144741461268746985e-01
4.850000000000000000e+02 0.000000000000000000e+00 2.570662304529084952e-01 5.079525757869622904e-01
4.860000000000000000e+02 3.042623151129715997e-04 2.574561263394667399e-01 5.024822233440641162e-01
4.870000000000000000e+02 9.413095153065557637e-04 2.578460222260250401e-01 4.970118709011660529e-01
4.880000000000000000e+02 1.578356715500139765e-03 2.582359181125832848e-01 4.915415184582679342e-01
4.890000000000000000e+02 2.215403915693723875e-03 2.586258139991415850e-01 4.868094593477059195e-01
4.900000000000000000e+02 2.852451115887308201e-03 2.590157098856998297e-01 4.825731095049328179e-01
4.910000000000000000e+02 3.489498316080892094e-03 2.594056057722581299e-01 4.783367596621597162e-01
4.920000000000000000e+02 4.126545516274475987e-03 2.599579225389818671e-01 4.741004098193865590e-01
4.930000000000000000e+02 4.763592716468060748e-03 2.605737262647982999e-01 4.698640599766134573e-01
4.940000000000000000e+02 5.397487790140632034e-03 2.611895299906147327e-01 4.650372085282719059e-01
4.950000000000000000e+02 5.685060710774927223e-03 2.618053337164311656e-01 4.552197455073229704e-01
4.960000000000000000e+02 5.972633631409222411e-03 2.624211374422475984e-01 4.454022824863740349e-01
4.970000000000000000e+02 6.260206552043517600e-03 2.630369411680640312e-01 4.336698231140383442e-01
4.980000000000000000e+02 6.547779472677813656e-03 2.774175249839223034e-01 4.187367814093519436e-01
4.990000000000000000e+02 6.835352393312108844e-03 2.845687670344925202e-01 4.041158636724188624e-01
5.000000000000000000e+02 7.122925313946404033e-03 2.912582429080365354e-01 3.968370636332684831e-01
5.010000000000000000e+02 7.410498234580700089e-03 2.996022656513170901e-01 3.895582635941180483e-01
5.020000000000000000e+02 7.698071155214995277e-03 3.133580892786054228e-01 3.822794635549676689e-01
5.030000000000000000e+02 8.356116952054400832e-03 3.452907730469662040e-01 3.753116516780145573e-01
5.040000000000000000e+02 9.023290833236873379e-03 3.364704087895433737e-01 3.695748241683086133e-01
5.050000000000000000e+02 9.690464714419345926e-03 3.445024907362987387e-01 3.638379966586026137e-01
5.060000000000000000e+02 1.035763859560181847e-02 3.525345726830541593e-01 3.581011691488966142e-01
5.070000000000000000e+02 1.102481247678429102e-02 3.605666546298095243e-01 3.528514303019168463e-01
5.080000000000000000e+02 1.169198635796676357e-02 3.685987365765648893e-01 3.477128121258609705e-01
5.090000000000000000e+02 1.235916023914923612e-02 3.766308185233203099e-01 3.425741939498050947e-01
5.100000000000000000e+02 1.302633412033170866e-02 3.867502781662466305e-01 3.354798252304198036e-01
5.110000000000000000e+02 1.440563701198058037e-02 4.060155502887937695e-01 3.257589235586034193e-01
5.120000000000000000e+02 1.612931460359143254e-02 4.191447702865251923e-01 3.116974520992627506e-01
5.130000000000000000e+02 1.785299219520228298e-02 4.317573522656510399e-01 2.917775454868120621e-01
5.140000000000000000e+02 1.957666978681313341e-02 4.460784837132389935e-01 2.735002890017188548e-01
5.150000000000000000e+02 2.130034737842398385e-02 4.762658690866279909e-01 2.554098470213248540e-01
5.160000000000000000e+02 2.302402497003483428e-02 4.691948950113791761e-01 2.423353570789620048e-01
5.170000000000000000e+02 2.479278501363354342e-02 5.003289609342298494e-01 2.342689764852145806e-01
5.180000000000000000e+02 2.674156695825578856e-02 5.059465124587856355e-01 2.262025958914671842e-01
5.190000000000000000e+02 2.869034890287803022e-02 5.134337004787523639e-01 2.177179303118816633e-01
5.200000000000000000e+02 3.063913084750027188e-02 5.212357766158181027e-01 2.081615362068188757e-01
5.210000000000000000e+02 3.258791279212251701e-02 5.299134932419539146e-01 1.986051421017561158e-01
5.220000000000000000e+02 3.453669473674475521e-02 5.385912098680897264e-01 1.917990874105531818e-01
5.230000000000000000e+02 3.727898612567447090e-02 5.452671671957756150e-01 1.852666414870921263e-01
5.240000000000000000e+02 4.164174070783079745e-02 5.707937299456595781e-01 1.787341955636310709e-01
5.250000000000000000e+02 4.600449528998713095e-02 5.825605075385602571e-01 1.735177007250597037e-01
5.260000000000000000e+02 4.950406717347700242e-02 5.946809560752523982e-01 1.695058387745471407e-01
5.270000000000000000e+02 5.230941204858290117e-02 6.043588275525391129e-01 1.654939768240346054e-01
5.280000000000000000e+02 5.511475692368879298e-02 6.104922326616710748e-01 1.614821148735220424e-01
5.290000000000000000e+02 5.792010179879469173e-02 6.166256377708030367e-01 1.574702529230094794e-01
5.300000000000000000e+02 6.060804589487858024e-02 6.222518052440442204e-01 1.538798672490092057e-01
5.310000000000000000e+02 6.322102426426298716e-02 6.277919122599290302e-01 1.514200974015521839e-01
5.320000000000000000e+02 6.583400263364738714e-02 6.330274488357545692e-01 1.489603275540951344e-01
5.330000000000000000e+02 6.844698100303178712e-02 6.372936882716780937e-01 1.465005577066381126e-01
5.340000000000000000e+02 7.156012204721289016e-02 6.415599277076017293e-01 1.440407878591810908e-01
5.350000000000000000e+02 7.550331857152424442e-02 6.458261671435252538e-01 1.415810180117240413e-01
5.360000000000000000e+02 7.944651509583559867e-02 6.547455115935482128e-01 1.391212481642670196e-01
5.370000000000000000e+02 8.220654330995097459e-02 6.582620430162409164e-01 1.366614783168099978e-01
5.380000000000000000e+02 8.253487866012493290e-02 6.558550879413657109e-01 1.344557596575578773e-01
5.390000000000000000e+02 8.286321401029887734e-02 6.534481328664905053e-01 1.332780350319339169e-01
5.400000000000000000e+02 8.319154936047283566e-02 6.510411777916152998e-01 1.321003104063099565e-01
5.410000000000000000e+02 8.351988471064679398e-02 6.486342227167400942e-01 1.309225857806860238e-01
5.420000000000000000e+02 8.384822006082075230e-02 6.462272676418648887e-01 1.297448611550620634e-01
5.430000000000000000e+02 8.417655541099469674e-02 6.438203125669896831e-01 1.285671365294381030e-01
5.440000000000000000e+02 8.450489076116865506e-02 6.519530127548738285e-01 1.273894119038141426e-01
5.450000000000000000e+02 8.379653774662602916e-02 6.573293539594592394e-01 1.262116872781901822e-01
5.460000000000000000e+02 8.294001074617222968e-02 6.570237821647026966e-01 1.250339626525662218e-01
5.470000000000000000e+02 8.208348374571844408e-02 6.567182103699462647e-01 1.238562380269422752e-01
5.480000000000000000e+02 8.122695674526464460e-02 6.564126385751897219e-01 1.226785134013183148e-01
5.490000000000000000e+02 8.037042974481085900e-02 6.561070667804332901e-01 1.215007887756943544e-01
5.500000000000000000e+02 7.951390274435705952e-02 6.558014949856768583e-01 1.184453710981584890e-01
5.510000000000000000e+02 7.865737574390327391e-02 6.554959231909203154e-01 1.131412483397928048e-01
5.520000000000000000e+02 7.798584669722240237e-02 6.536585641407361980e-01 1.078371255814271207e-01
5.530000000000000000e+02 7.756710016366723248e-02 6.466643652829762168e-01 1.025330028230614365e-01
5.540000000000000000e+02 7.714835363011206260e-02 6.384868649388034667e-01 9.973643110153840308e-02
5.550000000000000000e+02 7.672960709655689271e-02 6.287860467727617308e-01 9.722395190020728661e-02
5.560000000000000000e+02 7.631086056300172282e-02 6.055167018840456050e-01 9.471147269887615627e-02
5.570000000000000000e+02 7.589211402944655294e-02 5.951053926822715834e-01 9.219899349754502593e-02
5.580000000000000000e+02 7.774293185522415661e-02 5.857849136919045518e-01 8.968651429621390947e-02
5.590000000000000000e+02 8.430329421425544756e-02 5.750508816982897731e-01 8.717403509488277913e-02
5.600000000000000000e+02 9.086365657328673850e-02 5.677228173610737727e-01 8.466155589355164879e-02
5.610000000000000000e+02 9.742401893231802945e-02 5.601657089921705523e-01 8.214907669222051845e-02
5.620000000000000000e+02 1.039843812913493065e-01 5.523958670620541245e-01 7.990139754915730197e-02
5.630000000000000000e+02 9.735580014903673363e-02 5.452403900792477387e-01 7.993689326268964279e-02
5.640000000000000000e+02 1.128879764128621066e-01 5.385247425473564942e-01 7.997238897622198361e-02
5.650000000000000000e+02 1.277086822680561229e-01 5.289610363096273193e-01 8.000788468975431056e-02
5.660000000000000000e+02 1.366579366132559537e-01 5.178204356066405945e-01 8.004338040328665138e-02
5.670000000000000000e+02 1.449212015420780486e-01 5.123767306704233304e-01 8.007887611681897833e-02
5.680000000000000000e+02 1.538341270398949356e-01 5.069330257342060664e-01 8.011437183035131915e-02
5.690000000000000000e+02 1.641436262550493019e-01 4.989994224009750567e-01 8.014986754388364609e-02
5.700000000000000000e+02 1.954873268478909965e-01 4.887947065048369177e-01 8.018536325741598692e-02
5.710000000000000000e+02 1.933061246813271017e-01 4.810478956340657475e-01 8.022085897094831386e-02
5.720000000000000000e+02 2.013300472287155862e-01 4.728140131137946733e-01 8.025635468448065468e-02
5.730000000000000000e+02 2.102125419801356421e-01 4.621208290658493922e-01 8.029185039801298163e-02
5.740000000000000000e+02 2.407594223749544016e-01 4.509329271963782859e-01 8.032734611154532245e-02
5.750000000000000000e+02 2.478534812963594514e-01 4.419661845118401655e-01 8.036284182507764939e-02
5.760000000000000000e+02 3.555446444065626932e-01 4.220085899778508454e-01 8.039833753860999022e-02
5.770000000000000000e+02 3.254924818553939780e-01 4.000607975367319047e-01 8.043383325214231716e-02
5.780000000000000000e+02 3.245022574120546843e-01 3.910099309133952539e-01 8.078316547747038667e-02
5.790000000000000000e+02 3.432561200219905739e-01 3.744552241662670866e-01 8.128150845955259274e-02
5.800000000000000000e+02 3.620099826319264080e-01 3.674987973775816208e-01 8.177985144163479880e-02
5.810000000000000000e+02 3.807638452418622421e-01 3.490971727420909554e-01 8.227819442371699099e-02
5.820000000000000000e+02 3.995177078517981317e-01 3.382371641098407267e-01 8.277653740579919706e-02
5.830000000000000000e+02 4.125835264334475894e-01 3.310862617675904840e-01 8.327488038788140312e-02
5.840000000000000000e+02 4.320297969641583857e-01 3.091560169188027341e-01 8.377322336996359531e-02
5.850000000000000000e+02 4.943013503242876250e-01 2.969220090159631620e-01 8.427156635204580137e-02
5.860000000000000000e+02 5.113076670695099191e-01 2.853772794242976918e-01 8.476990933412800744e-02
5.870000000000000000e+02 5.209889048615955476e-01 2.742005537650424318e-01 8.526825231621019963e-02
5.880000000000000000e+02 5.333397507222102929e-01 2.644805011415872764e-01 8.576659529829240569e-02
5.890000000000000000e+02 5.666256732984206179e-01 2.498290170778754704e-01 8.626493828037461176e-02
5.900000000000000000e+02 5.727919469595676993e-01 2.387662178577628913e-01 8.676328126245680394e-02
5.910000000000000000e+02 5.739872327890555015e-01 2.321844267733745304e-01 8.726162424453901001e-02
5.920000000000000000e+02 5.885883256754900206e-01 2.188443049197877910e-01 8.775996722662121607e-02
5.930000000000000000e+02 6.142714464002068109e-01 2.084629070639520687e-01 8.791708465069843215e-02
5.940000000000000000e+02 6.348745955105499217e-01 1.991519547296068116e-01 8.797418645072868637e-02
5.950000000000000000e+02 6.494630625848520911e-01 1.878490138233465667e-01 8.803128825075894059e-02
5.960000000000000000e+02 6.765303822191366390e-01 1.634413618369147947e-01 8.808839005078919482e-02
5.970000000000000000e+02 6.876969564472753538e-01 1.564482947265432300e-01 8.814549185081944904e-02
5.980000000000000000e+02 6.996043111514892443e-01 1.494552276161716653e-01 8.820259365084970327e-02
5.990000000000000000e+02 7.062391513433730061e-01 1.306585989948588211e-01 8.825969545087995749e-02
6.000000000000000000e+02 7.112882409022062147e-01 1.220377049243091816e-01 8.831679725091021171e-02
6.010000000000000000e+02 7.163373304610394232e-01 1.060991649908643586e-01 8.837389905094046594e-02
6.020000000000000000e+02 7.331270536381641056e-01 1.085314353378285107e-01 8.843100085097072016e-02
6.030000000000000000e+02 7.616929861274143176e-01 1.027268745597831046e-01 8.848810265100097439e-02
6.040000000000000000e+02 7.792803405367316749e-01 9.688973031085700016e-02 8.854520445103122861e-02
6.050000000000000000e+02 7.968676949460496983e-01 9.295981262204923434e-02 8.860230625106148283e-02
6.060000000000000000e+02 8.082291621679766891e-01 8.902989493324146852e-02 8.865940805109172318e-02
6.070000000000000000e+02 8.153196683755794538e-01 8.509997724443370271e-02 8.871650985112197740e-02
6.080000000000000000e+02 8.220670296438449265e-01 8.117005955562593689e-02 8.840180041432035840e-02
6.090000000000000000e+02 8.273620795606502210e-01 7.737245211847040838e-02 8.803084711485374692e-02
6.100000000000000000e+02 8.326571294774556264e-01 7.448850421801776756e-02 8.765989381538714931e-02
6.110000000000000000e+02 8.371560832454978396e-01 7.160455631756512673e-02 8.728894051592053782e-02
6.120000000000000000e+02 8.414192793371181311e-01 6.881486189777724638e-02 8.691798721645394021e-02
6.130000000000000000e+02 8.456824754287383117e-01 6.667781062308184015e-02 8.654703391698732873e-02
6.140000000000000000e+02 8.521129736256960463e-01 6.454075934838642004e-02 8.617608061752073112e-02
6.150000000000000000e+02 8.674062261163125731e-01 6.240370807369099992e-02 8.580512731805411963e-02
6.160000000000000000e+02 8.525441011632771682e-01 6.026665679899557981e-02 8.543417401858752203e-02
6.170000000000000000e+02 8.376819762102417632e-01 5.814959295988830767e-02 8.506322071912091054e-02
6.180000000000000000e+02 8.228198512572062473e-01 5.610576272875364423e-02 8.469226741965431293e-02
6.190000000000000000e+02 8.440117187101228158e-01 5.406193249761897385e-02 8.432131412018770145e-02
6.200000000000000000e+02 8.590945050682408102e-01 5.201810226648431040e-02 8.395036082072110384e-02
6.210000000000000000e+02 8.088122941877056160e-01 4.997427203534964002e-02 8.357940752125449235e-02
6.220000000000000000e+02 8.050218554588548514e-01 4.877456799524380882e-02 8.320845422178789474e-02
6.230000000000000000e+02 8.102385556953027868e-01 4.828077501968100482e-02 8.239110527116386140e-02
6.240000000000000000e+02 8.154552559317507221e-01 4.778698204411820083e-02 8.090222870741210770e-02
6.250000000000000000e+02 8.206719561681986574e-01 4.729318906855539684e-02 7.941335214366034012e-02
6.260000000000000000e+02 8.258886564046465928e-01 4.679939609299259284e-02 7.792447557990858642e-02
6.270000000000000000e+02 8.214042228881569541e-01 4.630560311742978885e-02 7.643559901615681884e-02
6.280000000000000000e+02 8.093040282440103761e-01 4.581181014186698486e-02 7.494672245240505126e-02
6.290000000000000000e+02 7.972038335998639091e-01 4.531801716630418086e-02 7.345784588865329756e-02
6.300000000000000000e+02 7.903670482004151454e-01 4.385856564893558102e-02 7.196896932490152998e-02
6.310000000000000000e+02 7.703082847605728922e-01 4.147694473934043086e-02 7.048009276114977628e-02
6.320000000000000000e+02 7.516422084181308971e-01 3.909532382974527376e-02 6.823893714974058056e-02
6.330000000000000000e+02 7.425793370133291216e-01 3.671370292015012360e-02 6.377928656737778812e-02
6.340000000000000000e+02 7.114243336770006421e-01 3.449040245250292736e-02 5.931963598501499568e-02
6.350000000000000000e+02 6.411759541867879664e-01 3.246328855142897873e-02 5.485998540265219631e-02
6.360000000000000000e+02 6.156500090170095030e-01 3.043617465035502317e-02 5.040033482028939693e-02
6.370000000000000000e+02 5.097131093712257144e-01 2.840906074928107108e-02 4.816779297792547071e-02
6.380000000000000000e+02 4.739586833804607102e-01 2.638194684820711899e-02 4.673146308485682382e-02
6.390000000000000000e+02 4.495239784408404105e-01 2.402686192313709113e-02 4.529513319178816999e-02
6.400000000000000000e+02 3.949904555801661554e-01 2.166342809815613446e-02 4.385880329871952310e-02
6.410000000000000000e+02 3.685852413666379501e-01 1.929999427317517433e-02 4.242247340565087621e-02
6.420000000000000000e+02 2.827921983772429537e-01 1.693656044819421766e-02 4.098614351258222932e-02
6.430000000000000000e+02 2.722262146592784315e-01 1.621637671652267562e-02 3.954981361951358243e-02
6.440000000000000000e+02 2.442034288455859070e-01 1.553315868809049087e-02 3.811348372644492860e-02
6.450000000000000000e+02 2.318896638818453704e-01 1.484994065965830785e-02 3.667715383337628171e-02
6.460000000000000000e+02 2.122221876286629338e-01 1.416672263122612310e-02 3.685155155981904851e-02
6.470000000000000000e+02 1.979347896654865269e-01 1.348350460279394009e-02 3.714848091997635660e-02
6.480000000000000000e+02 1.911008462378658290e-01 1.280028657436175707e-02 3.744541028013366468e-02
6.490000000000000000e+02 1.839973379695621913e-01 1.258540386593824494e-02 3.774233964029097277e-02
6.500000000000000000e+02 1.768122602535600607e-01 1.276648344801616618e-02 3.803926900044827392e-02
6.510000000000000000e+02 1.779850000056711623e-01 1.294756303009408742e-02 3.833619836060558200e-02
6.520000000000000000e+02 1.799251922778102031e-01 1.312864261217200866e-02 3.863312772076289009e-02
6.530000000000000000e+02 1.818653845499492161e-01 1.330972219424992990e-02 3.893005708092019124e-02
6.540000000000000000e+02 1.838055768220882291e-01 1.349080177632785114e-02 3.922698644107749932e-02
6.550000000000000000e+02 1.857457690942272421e-01 1.367188135840577412e-02 3.952391580123480741e-02
6.560000000000000000e+02 1.876859613663662552e-01 1.385296094048369536e-02 3.982084516139211550e-02
6.570000000000000000e+02 2.068870751372118566e-01 1.403819469255390695e-02 4.011777452154941664e-02
6.580000000000000000e+02 2.015212431579112007e-01 1.424158586599500245e-02 4.041470388170672473e-02
6.590000000000000000e+02 2.208182007359186239e-01 1.444497703943609622e-02 4.071163324186403282e-02
6.600000000000000000e+02 2.169591640541355948e-01 1.464836821287719172e-02 3.954987301865318938e-02
6.610000000000000000e+02 2.131001273723525380e-01 1.485175938631828549e-02 3.776909828648167960e-02
6.620000000000000000e+02 2.092410906905695089e-01 1.505515055975938099e-02 3.598832355431016289e-02
6.630000000000000000e+02 2.053820540087864521e-01 1.525854173320047476e-02 3.420754882213865311e-02
6.640000000000000000e+02 1.993375851815786803e-01 1.546193290664157026e-02 3.242677408996713639e-02
6.650000000000000000e+02 1.712074967079351973e-01 1.530761826744112854e-02 3.064599935779562662e-02
6.660000000000000000e+02 1.675489797938733705e-01 1.424330416132169042e-02 2.886522462562411337e-02
6.670000000000000000e+02 1.547224622707408515e-01 1.317899005520225403e-02 2.708444989345260012e-02
6.680000000000000000e+02 1.449776322255777739e-01 1.211467594908281417e-02 2.530367516128108688e-02
6.690000000000000000e+02 1.315343196467602394e-01 1.105036184296337778e-02 2.352290042910957363e-02
6.700000000000000000e+02 1.232152218467974375e-01 9.986047736843939662e-03 2.174212569693806038e-02
6.710000000000000000e+02 1.141136685043571408e-01 8.921733630724501540e-03 1.996135096476655060e-02
6.720000000000000000e+02 1.053157229430159852e-01 7.857419524605063418e-03 1.818057623259503736e-02
6.730000000000000000e+02 9.542433821386082926e-02 6.824909053551072094e-03 1.737365467914772990e-02
6.740000000000000000e+02 8.053466367181076613e-02 5.969392725469971003e-03 1.676647220549270026e-02
6.750000000000000000e+02 7.347898785642181796e-02 5.113876397388869045e-03 1.615928973183766715e-02
6.760000000000000000e+02 6.797751446974885370e-02 4.258360069307767955e-03 1.555210725818263404e-02
6.770000000000000000e+02 6.541916135041592195e-02 3.402843741226666430e-03 1.494492478452760266e-02
6.780000000000000000e+02 6.286080823108299021e-02 2.547327413145564906e-03 1.433774231087257128e-02
6.790000000000000000e+02 6.030245511175005846e-02 1.691811085064462948e-03 1.373055983721753817e-02
6.800000000000000000e+02 5.778027627313849640e-02 8.362947569833618575e-04 1.312337736356250679e-02
6.810000000000000000e+02 5.615668175894496239e-02 0.000000000000000000e+00 1.251619488990747542e-02
6.820000000000000000e+02 5.453308724475142838e-02 0.000000000000000000e+00 1.190901241625244231e-02
6.830000000000000000e+02 5.290949273055789437e-02 0.000000000000000000e+00 1.130182994259741093e-02
6.840000000000000000e+02 5.128589821636435342e-02 0.000000000000000000e+00 1.069464746894237955e-02
6.850000000000000000e+02 4.966230370217082635e-02 0.000000000000000000e+00 1.008746499528734644e-02
6.860000000000000000e+02 4.803870918797728540e-02 0.000000000000000000e+00 9.673587759520946988e-03
6.870000000000000000e+02 4.700294485856383597e-02 0.000000000000000000e+00 9.756644923201312353e-03
6.880000000000000000e+02 4.608895002090011850e-02 0.000000000000000000e+00 9.839702086881677717e-03
6.890000000000000000e+02 4.517495518323640102e-02 0.000000000000000000e+00 9.922759250562044817e-03
6.900000000000000000e+02 4.426096034557267661e-02 0.000000000000000000e+00 1.000581641424241018e-02
6.910000000000000000e+02 4.334696550790895914e-02 0.000000000000000000e+00 1.008887357792277555e-02
6.920000000000000000e+02 4.243297067024524166e-02 0.000000000000000000e+00 1.017193074160314091e-02
6.930000000000000000e+02 4.162043785847253929e-02 0.000000000000000000e+00 1.025498790528350627e-02
6.940000000000000000e+02 4.156596676467674140e-02 0.000000000000000000e+00 1.033804506896387337e-02
6.950000000000000000e+02 4.151149567088094350e-02 2.509528898770094609e-04 1.042110223264423874e-02
6.960000000000000000e+02 4.145702457708514560e-02 7.818255567049986043e-04 1.050415939632460410e-02
6.970000000000000000e+02 4.140255348328934770e-02 1.312698223532987639e-03 1.058721656000496947e-02
6.980000000000000000e+02 4.134808238949354980e-02 1.843570890360976891e-03 1.067027372368533483e-02
6.990000000000000000e+02 4.129361129569775191e-02 2.374443557188965926e-03 1.075333088736570193e-02
7.000000000000000000e+02 4.123914020190195401e-02 2.905316224016954961e-03 1.083638805104606730e-02
7.010000000000000000e+02 4.118466910810615611e-02 3.436188890844944430e-03 1.094282560551826898e-02
7.020000000000000000e+02 4.127006663784772711e-02 3.967061557672933031e-03 1.108817564195891704e-02
7.030000000000000000e+02 4.195280555125292105e-02 4.497934224500922500e-03 1.123352567839956337e-02
7.040000000000000000e+02 4.263554446465811498e-02 5.028806891328911968e-03 1.137887571484021143e-02
7.050000000000000000e+02 4.331828337806331586e-02 5.621157295088616626e-03 1.152422575128085949e-02
7.060000000000000000e+02 4.400102229146850980e-02 6.350086446092089928e-03 1.166957578772150582e-02
7.070000000000000000e+02 4.468376120487370373e-02 7.079015597095562363e-03 1.181492582416215388e-02
7.080000000000000000e+02 4.536650011827889767e-02 7.807944748099035666e-03 1.196027586060280021e-02
7.090000000000000000e+02 4.604923903168409161e-02 8.536873899102508101e-03 1.210562589704344827e-02
7.100000000000000000e+02 4.672153978181649986e-02 9.265803050105981403e-03 1.225097593348409633e-02
7.110000000000000000e+02 4.737809298874869068e-02 9.994732201109454706e-03 1.239632596992474266e-02
7.120000000000000000e+02 4.803464619568088151e-02 1.072366135211292801e-02 1.254167600636539072e-02
7.130000000000000000e+02 4.869119940261307233e-02 1.145259050311639958e-02 1.268702604280603878e-02
7.140000000000000000e+02 4.934775260954527010e-02 1.218151965411987288e-02 1.283237607924668511e-02
7.150000000000000000e+02 5.000430581647746092e-02 1.291044880512334445e-02 1.297772611568733317e-02
7.160000000000000000e+02 5.066085902340965175e-02 1.363937795612681775e-02 1.305467370333701638e-02
7.170000000000000000e+02 5.131741223034184257e-02 1.436830710713029105e-02 1.305467370333701638e-02
7.180000000000000000e+02 5.199040546417758174e-02 1.509723625813376435e-02 1.305467370333701638e-02
7.190000000000000000e+02 5.274531510819704255e-02 1.582616540913723766e-02 1.305467370333701638e-02
7.200000000000000000e+02 5.350022475221649643e-02 1.655509456014071096e-02 1.305467370333701638e-02
7.210000000000000000e+02 5.425513439623595724e-02 1.728402371114418079e-02 1.305467370333701638e-02
7.220000000000000000e+02 5.501004404025541805e-02 1.801295286214765756e-02 1.305467370333701638e-02
7.230000000000000000e+02 5.576495368427487886e-02 1.872922117987860582e-02 1.305467370333701638e-02
7.240000000000000000e+02 5.651986332829433274e-02 1.876411672434153549e-02 1.305467370333701638e-02
7.250000000000000000e+02 5.727477297231379355e-02 1.879901226880446169e-02 1.305467370333701638e-02
7.260000000000000000e+02 5.802968261633325436e-02 1.883390781326739136e-02 1.305467370333701638e-02
7.270000000000000000e+02 5.863919084380411068e-02 1.886880335773031755e-02 1.305467370333701638e-02
7.280000000000000000e+02 5.921772223884746306e-02 1.890369890219324722e-02 1.305467370333701638e-02
7.290000000000000000e+02 5.979625363389082238e-02 1.893859444665617342e-02 1.305467370333701638e-02
7.300000000000000000e+02 6.037478502893417476e-02 1.897348999111910309e-02 1.305467370333701638e-02
7.310000000000000000e+02 6.095331642397752714e-02 1.900838553558202929e-02 1.313986187903802907e-02
7.320000000000000000e+02 6.153184781902087952e-02 1.933778994790548780e-02 1.329040298820869867e-02
7.330000000000000000e+02 6.211037921406423190e-02 1.970419316476626839e-02 1.344094409737936653e-02
7.340000000000000000e+02 6.251246688140885133e-02 2.007059638162705245e-02 1.359148520655003439e-02
7.350000000000000000e+02 6.271462038036651476e-02 2.043699959848783651e-02 1.374202631572070399e-02
7.360000000000000000e+02 6.291677387932417820e-02 2.080340281534862057e-02 1.389256742489137185e-02
7.370000000000000000e+02 6.311892737828184163e-02 2.116980603220940463e-02 1.404310853406203971e-02
7.380000000000000000e+02 6.332108087723950507e-02 2.153620924907018869e-02 1.419364964323270931e-02
7.390000000000000000e+02 6.352323437619716850e-02 2.190261246593097275e-02 1.434419075240337717e-02
7.400000000000000000e+02 6.372538787515483194e-02 2.233905641054339392e-02 1.449473186157404503e-02
7.410000000000000000e+02 6.392754137411249538e-02 2.279779559056172022e-02 1.464527297074471462e-02
7.420000000000000000e+02 6.412757096285567893e-02 2.325653477058004306e-02 1.479581407991538249e-02
7.430000000000000000e+02 6.428601559717388170e-02 2.371527395059836590e-02 1.494635518908605035e-02
7.440000000000000000e+02 6.444446023149208447e-02 2.417401313061669221e-02 1.509689629825671994e-02
7.450000000000000000e+02 6.460290486581028724e-02 2.463275231063501505e-02 1.524743740742738780e-02
7.460000000000000000e+02 6.476134950012849001e-02 2.509149149065333789e-02 1.585341845205014144e-02
7.470000000000000000e+02 6.491979413444669278e-02 2.555023067067166420e-02 1.669281491249484384e-02
7.480000000000000000e+02 6.507823876876488167e-02 2.609280608342039870e-02 1.753221137293954623e-02
7.490000000000000000e+02 6.523668340308308444e-02 2.713063472233954651e-02 1.837160783338424863e-02
7.500000000000000000e+02 6.539512803740128721e-02 2.816846336125869432e-02 1.921100429382895103e-02
7.510000000000000000e+02 6.656205212814435279e-02 2.920629200017784213e-02 2.005040075427365689e-02
7.520000000000000000e+02 6.817591687392689226e-02 3.024412063909698994e-02 2.088979721471835929e-02
7.530000000000000000e+02 6.978978161970941785e-02 3.128194927801613429e-02 2.172919367516306169e-02
7.540000000000000000e+02 7.140364636549195732e-02 3.231977791693528557e-02 2.256859013560776409e-02
7.550000000000000000e+02 7.301751111127448290e-02 3.335760655585442991e-02 2.340798659605246648e-02
7.560000000000000000e+02 7.463137585705702237e-02 3.510954064324411927e-02 2.424738305649717235e-02
7.570000000000000000e+02 7.640795604223368787e-02 3.703248760876803186e-02 2.508677951694187475e-02
7.580000000000000000e+02 7.999946786145493982e-02 3.895543457429194445e-02 2.592617597738657714e-02
7.590000000000000000e+02 8.359097968067620565e-02 4.087838153981586398e-02 2.681201065708471720e-02
7.600000000000000000e+02 8.718249149989747149e-02 4.280132850533977656e-02 2.806825025775027890e-02
7.610000000000000000e+02 9.077400331911873732e-02 4.472427547086368915e-02 2.932448985841583713e-02
7.620000000000000000e+02 9.637295983897857521e-02 4.664722243638760174e-02 3.058072945908139537e-02
7.630000000000000000e+02 1.029497436306981845e-01 4.884365485198391421e-02 3.183696905974695707e-02
7.640000000000000000e+02 1.088180504110099617e-01 5.123134204000386743e-02 3.309320866041251530e-02
7.650000000000000000e+02 1.134748006548564891e-01 5.361902922802382065e-02 3.434944826107807353e-02
7.660000000000000000e+02 1.181315508987030027e-01 5.600671641604376694e-02 3.560568786174363176e-02
7.670000000000000000e+02 1.239684960421562759e-01 5.839440360406372710e-02 3.686192746240918999e-02
7.680000000000000000e+02 1.307242734501798953e-01 6.053809900782379516e-02 3.811816706307474822e-02
7.690000000000000000e+02 1.333587731472817284e-01 6.241042546245558625e-02 3.937440666374031339e-02
7.700000000000000000e+02 1.335371281523144993e-01 6.428275191708737735e-02 4.063064626440586469e-02
7.710000000000000000e+02 1.337154831573472424e-01 6.615507837171916150e-02 4.188688586507142986e-02
7.720000000000000000e+02 1.338938381623800133e-01 6.802740482635095953e-02 4.314312546573698809e-02
7.730000000000000000e+02 1.340721931674127565e-01 6.833108434687622246e-02 4.390079936572446884e-02
7.740000000000000000e+02 1.342505481724455274e-01 6.741050665009219733e-02 4.426936552955609838e-02
7.750000000000000000e+02 1.288650956344377929e-01 6.648992895330818609e-02 4.463793169338772793e-02
7.760000000000000000e+02 1.218062695165029879e-01 6.556935125652416096e-02 4.500649785721936441e-02
7.770000000000000000e+02 1.185238370115381384e-01 6.464877355974013584e-02 4.537506402105099396e-02
7.780000000000000000e+02 1.152414045065733028e-01 6.372819586295611072e-02 4.574363018488262350e-02
7.790000000000000000e+02 1.116360003266541889e-01 6.127648267498116141e-02 4.611219634871425999e-02
7.800000000000000000e+02 1.076579082578799224e-01 5.859751388801959227e-02 4.648076251254588953e-02
